epochs train test
0       93.42    96.42
1       96.98833333333333    97.07
2       97.72666666666667    97.76
3       98.03666666666666    97.35
0       93.42    96.42
1       96.98833333333333    97.07
2       97.72666666666667    97.76
0       93.42    96.42
1       96.98833333333333    97.07
2       97.72666666666667    97.76
0       11.13    11.35
1       11.24    12.79
2       11.28    11.37
3       11.313333333333333    10.11
4       11.221666666666666    11.35
5       11.231666666666667    11.35
6       11.251666666666667    11.35
7       11.206666666666667    11.35
8       11.208333333333334    11.35
9       11.25    11.35
10       11.24    11.35
11       11.248333333333333    11.35
12       11.241666666666667    11.35
13       11.236666666666666    11.35
14       11.236666666666666    11.35
15       11.236666666666666    11.35
16       11.236666666666666    11.35
17       11.238333333333333    11.35
18       11.236666666666666    11.35
19       11.236666666666666    11.35
20       11.236666666666666    11.35
21       11.236666666666666    11.35
22       11.236666666666666    11.35
23       11.236666666666666    11.35
24       11.23    11.35
25       11.236666666666666    11.35
26       11.236666666666666    11.35
27       11.236666666666666    11.35
0       93.015    97.15
1       97.51666666666667    98.05
2       98.17    98.29
3       98.46333333333334    98.41
4       98.79833333333333    98.38
5       98.925    98.49
6       98.995    98.53
7       99.01166666666667    98.21
8       99.135    98.65
9       99.18166666666667    98.42
10       99.24833333333333    98.62
11       99.25833333333334    98.44
12       99.315    98.55
13       99.31833333333333    98.58
14       99.32666666666667    98.16
15       99.31333333333333    98.55
16       99.37666666666667    98.62
17       99.39    98.67
18       99.45833333333333    98.59
19       99.32833333333333    98.17
20       99.395    98.56
21       99.47    98.92
22       99.39666666666666    98.63
23       99.43666666666667    98.42
24       99.40666666666667    98.9
25       99.43166666666667    98.66
26       99.47833333333334    98.24
27       99.40166666666667    98.83
28       99.52666666666667    98.7
29       99.46166666666667    98.77
